ispv = [1 1; 1 2; 1 4; 1 5; 2 2; 2 5; 3 2; 3 5; 4 2; 4 5; 5 2; 5 5; 6 2; 6 5; 7 2; 7 5; 8 2; 8 5; 9 2; 9 3; 9 5; 10 1; 10 4; 19 1; 19 4; 28 1; 28 4; 37 1; 37 4; 46 1; 46 4; 55 1; 55 4; 64 1; 64 4; 73 1; 73 3; 73 4; 74 1; 74 3; 74 4; 75 1; 75 3; 75 4; 76 1; 76 3; 76 4; 77 1; 77 3; 77 4; 78 1; 78 3; 78 4; 79 1; 79 3; 79 4; 80 1; 80 3; 80 4; 81 1; 81 2; 81 3; 81 4; 81 5; 18 2; 18 3; 18 5; 27 2; 27 3; 27 5; 36 2; 36 3; 36 5; 45 2; 45 3; 45 5; 54 2; 54 3; 54 5; 63 2; 63 3; 63 5; 72 2; 72 3; 72 5];

